Overall: 0.738503928392
J_seen: 0.73485228465
J_unseen: 0.684543891434
F_seen: 0.774450428656
F_unseen: 0.760169108826
